
0 0 3.6714e-05
1 1 4.8346e-05
2 2 2.4654e-05
3 3 2.3684e-05
4 4 6.3219e-05
5 5 4.8837e-05
6 6 2.0569e-05
7 7 3.5225e-05
8 8 0.000168424
9 9 1.9082e-05
10 10 2.1439e-05
11 11 2.7397e-05
12 12 0.000156308
13 13 1.9422e-05
13 14 1.8926e-05
15 15 2.0085e-05
16 16 2.4988e-05
17 17 2.179e-05
18 18 2.5241e-05
18 19 2.0866e-05
18 20 1.9264e-05
18 21 2.2157e-05
18 22 1.8617e-05
23 23 1.7948e-05
23 24 2.0579e-05
25 25 2.2824e-05
26 26 4.0765e-05
27 27 2.6168e-05
28 28 2.2893e-05
28 29 2.6738e-05
28 30 2.9746e-05
28 31 2.169e-05
28 32 3.7003e-05
33 33 3.4316e-05
33 34 3.2248e-05
33 35 2.9331e-05
36 36 2.0619e-05
37 37 2.2982e-05
38 38 1.9097e-05
39 39 0.000255776
39 40 0.000122941
39 41 3.0603e-05
39 42 3.2997e-05
39 43 1.8981e-05
44 44 1.9871e-05
44 45 2.3645e-05
44 46 0.000206701
44 47 1.9185e-05
44 48 2.3301e-05
44 49 2.5499e-05
44 50 2.4859e-05
44 51 2.3565e-05
44 52 2.684e-05
44 53 4.8821e-05
44 54 9.8513e-05
44 55 2.4107e-05
44 56 2.2771e-05
44 57 1.8302e-05
44 58 1.9828e-05
59 59 2.6892e-05
60 60 5.7923e-05
60 61 2.8926e-05
60 62 2.6775e-05
60 63 2.6549e-05
60 64 3.8317e-05
65 65 2.8133e-05
65 66 2.6405e-05
65 67 9.9076e-05
68 68 7.5124e-05
69 69 2.3649e-05
69 70 2.4796e-05
69 71 3.513e-05
69 72 0.000137531
69 73 2.5727e-05
74 74 1.7276e-05
74 75 2.7679e-05
74 76 3.4622e-05
74 77 2.6243e-05
74 78 2.6162e-05
74 79 0.000231821
74 80 3.5919e-05
74 81 5.2349e-05
74 82 0.000207145
74 83 2.46e-05
74 84 2.5081e-05
74 85 8.7759e-05
74 86 7.3065e-05
74 87 2.5129e-05
74 88 2.3211e-05
89 89 2.1532e-05
90 90 2.2319e-05
90 91 1.8477e-05
90 92 7.0259e-05
90 93 0.000187374
90 94 5.3881e-05
95 95 1.9423e-05
95 96 5.1398e-05
95 97 1.926e-05
95 98 3.7575e-05
95 99 2.76e-05
95 100 5.9387e-05
95 101 2.5181e-05
95 102 2.1756e-05
95 103 1.868e-05
95 104 1.9607e-05
95 105 2.5751e-05
95 106 2.5142e-05
95 107 8.2462e-05
108 108 2.4818e-05
109 109 2.1293e-05
109 110 2.1174e-05
109 111 2.6002e-05
109 112 3.3419e-05
109 113 5.8822e-05
114 114 2.0502e-05
114 115 2.0097e-05
114 116 2.1945e-05
114 117 2.3126e-05
118 118 2.6935e-05
119 119 6.682e-05
119 120 7.152e-05
119 121 1.8288e-05
119 122 2.4057e-05
119 123 1.9713e-05
124 124 1.9328e-05
124 125 2.2292e-05
124 126 5.0024e-05
124 127 6.4842e-05
128 128 3.7091e-05
129 129 2.1518e-05
129 130 1.9204e-05
129 131 4.817e-05
129 132 2.2952e-05
129 133 2.2316e-05
134 134 3.1499e-05
134 135 4.0405e-05
134 136 3.7781e-05
134 137 2.4258e-05
138 138 1.6374e-05
139 139 2.2833e-05
139 140 2.0182e-05
139 141 3.4964e-05
139 142 2.628e-05
139 143 4.481e-05
144 144 1.8641e-05
144 145 2.9645e-05
144 146 1.9101e-05
144 147 2.2632e-05
144 148 4.5679e-05
144 149 2.6688e-05
144 150 2.4112e-05
144 151 2.1709e-05
144 152 2.7867e-05
144 153 3.2796e-05
144 154 2.0278e-05
144 155 2.4334e-05
144 156 1.9334e-05
144 157 1.7492e-05
144 158 2.2482e-05
159 159 1.9612e-05
160 160 3.0785e-05
160 161 2.9879e-05
160 162 1.7161e-05
160 163 2.203e-05
160 164 2.2747e-05
165 165 1.7902e-05
165 166 2.0309e-05
165 167 6.1823e-05
168 168 2.5317e-05
169 169 2.8025e-05
169 170 3.3768e-05
169 171 8.778e-05
169 172 4.6967e-05
169 173 2.0102e-05
174 174 2.0276e-05
174 175 8.5538e-05
174 176 3.8087e-05
174 177 3.0026e-05
174 178 2.6693e-05
174 179 3.8004e-05
174 180 2.5758e-05
174 181 1.6956e-05
174 182 1.839e-05
174 183 6.1174e-05
174 184 2.6049e-05
174 185 2.1423e-05
174 186 4.3246e-05
174 187 2.4269e-05
174 188 1.922e-05
189 189 1.8613e-05
190 190 2.1407e-05
190 191 2.5575e-05
190 192 2.0525e-05
190 193 4.164e-05
190 194 3.7842e-05
195 195 2.004e-05
195 196 2.098e-05
195 197 2.7627e-05
195 198 2.0659e-05
195 199 2.3805e-05
195 200 9.2242e-05
195 201 2.2417e-05
195 202 1.987e-05
195 203 2.6202e-05
195 204 2.0567e-05
195 205 1.7575e-05
195 206 1.5971e-05
195 207 1.7791e-05
208 208 1.8382e-05
209 209 7.7188e-05
209 210 2.0564e-05
209 211 6.3941e-05
209 212 2.7994e-05
209 213 2.1391e-05
214 214 2.9521e-05
214 215 2.0838e-05
214 216 2.0323e-05
214 217 2.4291e-05
218 218 6.5093e-05
219 219 2.3554e-05
219 220 2.2214e-05
219 221 4.1382e-05
219 222 1.6864e-05
219 223 2.3301e-05
224 224 2.3837e-05
224 225 1.9831e-05
224 226 3.4545e-05
224 227 2.854e-05
228 228 1.9071e-05
229 229 4.6183e-05
229 230 1.9944e-05
229 231 2.1875e-05
229 232 2.0228e-05
229 233 1.724e-05
234 234 1.7826e-05
234 235 2.688e-05
234 236 2.0778e-05
234 237 2.7134e-05
234 238 3.1062e-05
234 239 2.2933e-05
234 240 1.771e-05
234 241 2.1248e-05
234 242 2.2732e-05
234 243 3.051e-05
234 244 2.7022e-05
234 245 2.7261e-05
234 246 1.8651e-05
234 247 2.2554e-05
234 248 2.1373e-05
249 249 1.9639e-05
250 250 2.4779e-05
250 251 1.8402e-05
250 252 2.4804e-05
250 253 2.0159e-05
250 254 3.2477e-05
255 255 4.235e-05
255 256 2.7091e-05
255 257 2.4141e-05
258 258 1.8477e-05
259 259 2.5521e-05
259 260 8.0546e-05
259 261 8.0781e-05
259 262 2.2098e-05
259 263 2.4234e-05
264 264 2.3458e-05
264 265 2.7788e-05
264 266 2.6746e-05
264 267 2.5577e-05
264 268 2.3197e-05
264 269 3.371e-05
264 270 5.9285e-05
264 271 3.0648e-05
264 272 2.2848e-05
264 273 1.8959e-05
264 274 2.1071e-05
264 275 2.6149e-05
264 276 2.5237e-05
264 277 0.000126638
264 278 0.000124135
279 279 2.6512e-05
280 280 1.9299e-05
280 281 1.9456e-05
280 282 1.8362e-05
280 283 1.4417e-05
280 284 1.9045e-05
285 285 1.922e-05
285 286 3.925e-05
285 287 2.1937e-05
285 288 0.000188383
285 289 8.9184e-05
285 290 2.8467e-05
285 291 1.9969e-05
285 292 2.1395e-05
285 293 2.8709e-05
285 294 2.8729e-05
285 295 3.6813e-05
285 296 2.129e-05
285 297 2.2221e-05
298 298 2.6077e-05
299 299 2.1401e-05
299 300 3.4929e-05
299 301 1.7921e-05
299 302 6.2045e-05
299 303 4.2411e-05
304 304 2.1431e-05
304 305 3.6705e-05
304 306 2.1558e-05
304 307 2.2747e-05
308 308 1.9857e-05
309 309 2.2384e-05
309 310 6.8577e-05
309 311 2.2562e-05
309 312 3.2538e-05
309 313 2.3128e-05
314 314 1.9095e-05
314 315 3.0667e-05
314 316 2.0719e-05
314 317 2.653e-05
314 318 6.7939e-05
314 319 2.2614e-05
314 320 2.3389e-05
314 321 3.4585e-05
314 322 2.1371e-05
314 323 1.9996e-05
314 324 2.1683e-05
314 325 2.0427e-05
314 326 2.8957e-05
314 327 9.868e-05
314 328 4.0074e-05
329 329 2.8992e-05
330 330 1.7291e-05
330 331 1.8825e-05
330 332 1.8879e-05
330 333 1.6284e-05
330 334 1.7229e-05
335 335 2.6886e-05
335 336 2.9518e-05
335 337 3.3247e-05
338 338 3.1636e-05
339 339 2.1358e-05
339 340 2.6573e-05
339 341 1.9631e-05
339 342 1.794e-05
339 343 1.9903e-05
344 344 3.3766e-05
344 345 3.3961e-05
344 346 3.0216e-05
344 347 2.7165e-05
344 348 2.1845e-05
344 349 3.7869e-05
344 350 2.754e-05
344 351 3.7094e-05
344 352 6.9244e-05
344 353 2.4559e-05
344 354 2.4319e-05
344 355 4.2789e-05
344 356 1.8837e-05
344 357 2.4927e-05
344 358 1.8695e-05
359 359 1.8823e-05
360 360 3.4244e-05
360 361 1.7503e-05
360 362 2.4639e-05
360 363 3.1628e-05
360 364 2.748e-05
365 365 1.9739e-05
365 366 2.5172e-05
365 367 2.2091e-05
365 368 1.963e-05
365 369 2.5408e-05
365 370 6.8192e-05
365 371 4.4699e-05
365 372 7.166e-05
365 373 3.1462e-05
365 374 5.1367e-05
365 375 2.3753e-05
365 376 2.8147e-05
365 377 3.034e-05
378 378 3.1567e-05
379 379 5.1619e-05
379 380 4.6907e-05
379 381 0.00011718
379 382 4.5886e-05
379 383 6.1184e-05
384 384 5.8899e-05
384 385 2.101e-05
384 386 6.3229e-05
384 387 2.6402e-05
384 388 0.000139653
384 389 2.5721e-05
384 390 1.9792e-05
384 391 2.2279e-05
384 392 4.4844e-05
384 393 2.4986e-05
384 394 2.3869e-05
384 395 2.7214e-05
384 396 2.0572e-05
384 397 3.8551e-05
384 398 2.281e-05
399 399 1.8914e-05
400 400 2.6957e-05
400 401 2.2195e-05
400 402 1.7366e-05
400 403 1.8373e-05
400 404 6.7078e-05
405 405 2.199e-05
405 406 2.7861e-05
405 407 1.8718e-05
405 408 1.8566e-05
405 409 2.4869e-05
405 410 2.0416e-05
405 411 2.2347e-05
405 412 0.000110079
405 413 2.7842e-05
405 414 3.2302e-05
405 415 2.533e-05
405 416 2.2489e-05
405 417 2.1716e-05
405 418 2.3255e-05
405 419 2.1271e-05
405 420 2.8368e-05
405 421 2.2501e-05
405 422 4.1693e-05
405 423 1.9883e-05
405 424 2.7358e-05
405 425 2.6691e-05
405 426 8.9676e-05
405 427 5.0838e-05
405 428 5.2634e-05
405 429 2.8544e-05
405 430 3.0514e-05
431 431 5.3482e-05
432 432 2.4756e-05
432 433 8.9774e-05
432 434 2.2152e-05
432 435 3.3353e-05
432 436 3.4056e-05
437 437 2.4647e-05
437 438 2.1339e-05
437 439 2.4349e-05
437 440 2.1256e-05
437 441 2.6605e-05
437 442 2.0519e-05
437 443 8.4066e-05
437 444 2.1513e-05
437 445 6.7601e-05
437 446 2.1621e-05
437 447 2.3163e-05
437 448 2.2011e-05
437 449 2.3713e-05
437 450 1.7227e-05
437 451 2.0057e-05
437 452 0.000104359
437 453 3.7813e-05
437 454 2.6029e-05
437 455 2.0939e-05
437 456 1.9986e-05
437 457 2.1966e-05
437 458 1.8253e-05
437 459 2.0884e-05
437 460 1.8895e-05
437 461 2.5181e-05
437 462 2.1557e-05
437 463 3.8836e-05
437 464 2.0569e-05
437 465 2.1301e-05
437 466 2.0227e-05
437 467 1.998e-05
437 468 2.2177e-05
437 469 1.6359e-05
437 470 0.000109597
437 471 3.0406e-05
437 472 2.1806e-05
437 473 1.657e-05
437 474 2.5256e-05
437 475 1.8693e-05
437 476 1.9816e-05
437 477 1.9254e-05
437 478 2.0969e-05
437 479 0.000117992
437 480 2.93e-05
437 481 6.3946e-05
437 482 2.8321e-05
437 483 2.0295e-05
437 484 2.7759e-05
437 485 2.1007e-05
437 486 1.7991e-05
437 487 2.2491e-05
437 488 2.8105e-05
437 489 2.7302e-05
437 490 2.4769e-05
437 491 2.177e-05
437 492 2.1577e-05
437 493 2.0129e-05
437 494 2.3924e-05
437 495 2.1995e-05
437 496 2.3378e-05
437 497 2.5751e-05
437 498 2.3104e-05
437 499 2.7937e-05
437 500 2.2601e-05
437 501 2.0882e-05
437 502 2.6667e-05
437 503 2.2457e-05
437 504 2.2558e-05
437 505 2.1608e-05
437 506 2.495e-05
437 507 2.7624e-05
437 508 9.1267e-05
437 509 3.6114e-05
437 510 2.8307e-05
437 511 1.9901e-05
437 512 2.7303e-05
437 513 1.9638e-05
437 514 1.9306e-05
437 515 1.6982e-05
437 516 2.3719e-05
437 517 9.7964e-05
437 518 0.000221492
437 519 3.9977e-05
437 520 2.5987e-05
437 521 2.4495e-05
437 522 9.9368e-05
437 523 3.0045e-05
437 524 7.2279e-05
437 525 1.8416e-05
437 526 2.3096e-05
437 527 3.2935e-05
437 528 0.000101323
437 529 2.894e-05
437 530 2.313e-05
437 531 2.153e-05
437 532 6.9097e-05
437 533 7.968e-05
437 534 4.4562e-05
437 535 3.1645e-05
437 536 6.5326e-05
437 537 3.5645e-05
437 538 0.000177515
437 539 4.2742e-05
437 540 8.8032e-05
437 541 4.4248e-05
437 542 3.1726e-05
437 543 3.9377e-05
437 544 2.7146e-05
437 545 3.2027e-05
437 546 2.5675e-05
437 547 0.000238685
437 548 2.7551e-05
437 549 2.0706e-05
437 550 7.6115e-05
437 551 6.3052e-05
437 552 4.3126e-05
437 553 8.1205e-05
437 554 4.3271e-05
437 555 4.1286e-05
437 556 2.6233e-05
437 557 2.2787e-05
437 558 3.0148e-05
437 559 2.1245e-05
437 560 6.6449e-05
437 561 2.6944e-05
437 562 2.6234e-05
437 563 2.6394e-05
437 564 7.256e-05
437 565 2.1019e-05
437 566 9.1245e-05
437 567 5.7075e-05
437 568 2.3079e-05
437 569 2.096e-05
437 570 2.56e-05
437 571 2.4016e-05
437 572 4.3725e-05
437 573 3.011e-05
437 574 1.9989e-05
437 575 2.4622e-05
437 576 4.0319e-05
437 577 3.2201e-05
437 578 2.847e-05
437 579 7.1979e-05
437 580 5.5619e-05
437 581 2.7639e-05
437 582 3.7879e-05
437 583 2.3063e-05
437 584 2.0301e-05
437 585 6.5527e-05
437 586 2.1989e-05
437 587 2.6677e-05
437 588 2.5429e-05
437 589 2.8558e-05
437 590 4.2978e-05
437 591 2.9358e-05
437 592 1.985e-05
437 593 7.9565e-05
437 594 3.4429e-05
437 595 2.4247e-05
437 596 2.0285e-05
437 597 5.0716e-05
437 598 4.8541e-05
599 599 5.0962e-05
600 600 3.6739e-05
600 601 8.0519e-05
600 602 2.6562e-05
600 603 2.262e-05
600 604 4.4876e-05
605 605 3.0216e-05
605 606 2.6724e-05
605 607 2.894e-05
605 608 2.6906e-05
605 609 3.0475e-05
605 610 2.6905e-05
605 611 2.1497e-05
605 612 5.2372e-05
605 613 6.7148e-05
605 614 3.8319e-05
605 615 2.2942e-05
605 616 1.7492e-05
605 617 1.8903e-05
605 618 1.737e-05
605 619 1.64e-05
605 620 2.4135e-05
605 621 0.000104928
605 622 3.5642e-05
605 623 6.7159e-05
605 624 2.3221e-05
605 625 2.0805e-05
605 626 2.0104e-05
605 627 2.5513e-05
605 628 2.0161e-05
605 629 0.000117866
605 630 4e-05
631 631 5.8848e-05
632 632 4.1022e-05
632 633 2.0626e-05
632 634 1.9518e-05
632 635 3.0658e-05
632 636 2.0418e-05
637 637 8.3607e-05
